Fold = 1 Jacard : 0.03902924502795413 Dice Coef : 0.0731082320494457 Avg. Precision : 0.03751952569462534  
Fold = 1 Jacard : 0.10312120608644378 Dice Coef : 0.1831877200880238 Avg. Precision : 0.26091351034536847  
